000 000 000 000 000 -99 -99 000 -99 -99 -99 -99 000 000 -99 -99 -99 -99 000 000 000 000 000 -99 000 000 000 000 000 000 000
000 000 000 000 000 000 000 000 -99 -99 -99 -99 -99 000 000 -99 -99 -99 -99 000 000 000 000 000 000 000 000 000 -99 000 000
000 000 000 000 000 000 000 000 000 -99 -99 -99 -99 -99 000 -99 -99 -99 -99 -99 000 000 000 000 000 000 000 000 000 -99 000
000 000 000 000 000 000 000 000 000 -99 -99 000 000 -99 000 -99 -99 -99 -99 -99 000 000 000 000 000 000 000 000 000 -99 -99
000 000 000 000 000 000 000 000 000 -99 -99 000 000 000 000 000 -99 -99 -99 -99 000 000 000 000 000 000 000 -99 000 -99 -99
000 000 000 000 000 000 000 000 000 000 -99 000 000 000 000 000 -99 -99 -99 -99 000 000 000 000 000 000 -99 -99 -99 -99 -99
000 000 000 000 000 000 000 000 000 000 -99 000 000 000 000 000 000 000 -99 -99 000 000 000 000 000 000 000 -99 -99 -99 -99
000 000 000 000 000 000 000 000 000 000 -99 -99 -99 000 -99 -99 000 000 -99 -99 -99 000 000 000 000 000 000 -99 -99 -99 000
000 000 000 000 000 000 000 000 000 000 -99 -99 -99 -99 -99 -99 -99 000 000 -99 000 000 000 000 000 000 000 000 000 000 000
000 000 000 000 000 000 000 000 000 000 -99 -99 -99 -99 -99 -99 -99 000 000 -99 000 000 000 -99 000 000 000 000 000 000 000
000 000 000 000 000 000 000 000 000 000 000 000 -99 -99 -99 000 000 000 000 -99 -99 -99 -99 -99 -99 -99 000 000 000 000 000
000 000 000 000 000 000 000 000 000 000 000 000 000 -99 -99 000 000 000 000 -99 000 -99 -99 000 000 000 000 000 000 000 000
000 000 000 000 000 000 -99 000 000 000 000 000 000 -99 -99 000 000 000 000 -99 -99 -99 -99 -99 000 000 000 000 -99 000 000
000 000 000 000 000 000 000 000 -99 -99 000 000 -99 -99 -99 -99 000 000 000 -99 -99 -99 -99 -99 000 000 000 000 -99 000 000
000 000 000 000 000 000 000 000 000 -99 -99 -99 -99 000 -99 -99 000 -99 -99 -99 -99 -99 -99 -99 000 000 000 000 -99 000 000
000 -99 000 000 000 000 000 000 000 -99 -99 -99 000 000 000 -99 -99 -99 -99 -99 -99 -99 -99 000 000 000 000 000 000 000 000
000 -99 -99 -99 000 000 -99 000 000 -99 -99 -99 -99 000 000 -99 -99 -99 -99 -99 -99 -99 000 -99 000 -99 000 000 000 000 000
000 000 000 -99 -99 000 000 000 000 -99 -99 -99 -99 000 000 -99 000 000 -99 -99 -99 -99 -99 -99 000 -99 -99 -99 -99 000 000
000 000 000 000 -99 000 000 000 000 -99 -99 -99 -99 -99 -99 -99 000 000 -99 -99 -99 -99 -99 -99 000 -99 000 000 -99 001 000
000 000 000 000 000 000 000 000 000 000 -99 -99 -99 -99 -99 000 000 000 -99 -99 -99 -99 -99 -99 -99 -99 -99 -99 -99 004 002
000 000 000 000 000 000 -99 000 000 000 -99 -99 -99 -99 -99 000 000 000 000 -99 -99 -99 000 -99 -99 -99 -99 -99 -99 -99 -99
000 000 000 000 000 000 000 000 000 000 -99 -99 -99 -99 -99 000 000 000 000 000 -99 -99 000 -99 -99 -99 -99 -99 -99 -99 -99
-99 000 000 000 000 000 000 000 000 000 -99 -99 -99 -99 -99 000 000 000 000 000 000 -99 000 -99 -99 -99 -99 -99 -99 -99 -99
000 000 000 000 -99 -99 000 000 000 -99 -99 -99 -99 -99 000 000 000 000 000 000 000 -99 000 -99 -99 -99 -99 -99 -99 -99 000
000 000 000 000 000 000 -99 000 000 -99 -99 -99 -99 -99 -99 000 000 000 000 000 -99 -99 000 -99 -99 -99 -99 -99 -99 -99 000
000 -99 000 000 000 000 000 000 000 000 -99 -99 -99 -99 -99 000 000 000 000 000 -99 -99 000 -99 -99 -99 -99 -99 -99 -99 -99
000 -99 000 000 000 000 000 000 000 000 -99 -99 -99 -99 -99 -99 000 000 000 -99 -99 000 000 -99 -99 -99 -99 -99 -99 -99 -99
000 000 000 000 000 000 000 -99 000 -99 -99 -99 -99 -99 -99 000 000 000 000 -99 -99 000 000 -99 -99 -99 -99 -99 -99 -99 000
000 000 000 000 000 000 000 -99 -99 -99 -99 -99 -99 -99 -99 -99 000 000 000 000 000 000 -99 -99 -99 -99 -99 -99 -99 -99 000
000 000 000 000 000 000 000 000 000 -99 -99 -99 -99 -99 000 000 000 000 000 000 000 000 -99 -99 -99 -99 -99 -99 -99 -99 -99
000 000 000 000 000 000 000 000 000 -99 -99 -99 -99 000 000 -99 000 000 000 000 -99 000 -99 -99 -99 -99 -99 -99 -99 -99 -99
000 000 000 000 000 000 000 000 000 -99 -99 -99 -99 000 000 000 000 000 000 -99 000 000 -99 -99 000 000 -99 -99 -99 -99 -99
000 000 000 000 000 000 000 000 000 -99 -99 -99 -99 000 000 -99 000 000 000 -99 -99 000 -99 -99 000 000 -99 000 000 000 000
000 000 000 000 000 000 000 000 -99 -99 -99 -99 -99 000 000 000 000 000 000 -99 000 000 -99 -99 000 -99 000 000 000 000 000
000 000 000 000 000 000 000 000 -99 -99 -99 -99 -99 000 000 000 000 000 000 000 000 -99 -99 000 000 000 000 000 000 000 000
000 000 000 000 000 000 -99 -99 000 -99 -99 -99 -99 -99 000 000 -99 000 000 000 000 000 -99 000 000 -99 000 000 000 000 000
000 000 -99 -99 000 -99 -99 -99 000 000 -99 -99 -99 -99 000 000 000 000 000 000 000 -99 000 000 000 000 000 000 000 000 -99
000 -99 -99 -99 000 -99 -99 -99 000 -99 -99 -99 000 000 -99 000 000 000 000 -99 -99 -99 000 000 000 -99 000 000 000 000 -99
000 -99 -99 -99 000 000 -99 -99 -99 -99 -99 -99 000 000 -99 000 000 000 -99 -99 -99 -99 000 000 000 000 000 000 000 -99 -99
000 -99 -99 000 000 -99 -99 -99 -99 -99 -99 000 000 000 000 000 000 -99 -99 -99 000 -99 000 000 -99 000 000 000 000 -99 000
000 -99 -99 000 000 -99 -99 -99 -99 -99 000 000 000 000 000 000 000 -99 -99 -99 000 -99 000 000 -99 000 000 -99 -99 -99 -99
000 000 -99 -99 -99 -99 -99 -99 -99 -99 000 000 000 000 -99 000 000 -99 -99 000 000 -99 000 -99 000 000 -99 -99 -99 -99 000
000 -99 -99 -99 -99 -99 -99 -99 -99 -99 -99 000 000 -99 -99 000 000 000 -99 000 -99 000 -99 -99 000 000 -99 -99 -99 -99 000
000 -99 -99 -99 -99 -99 -99 -99 -99 -99 -99 000 000 -99 000 000 000 000 000 000 -99 000 -99 -99 000 000 -99 -99 -99 -99 000
000 -99 -99 -99 -99 -99 -99 -99 -99 -99 -99 000 000 -99 000 000 000 -99 000 000 -99 000 -99 000 000 -99 -99 -99 -99 -99 000
-99 -99 -99 -99 -99 -99 -99 -99 -99 -99 -99 000 -99 000 000 000 000 000 000 -99 000 -99 -99 000 000 -99 -99 -99 -99 -99 000
-99 -99 -99 -99 -99 -99 -99 -99 -99 -99 -99 -99 -99 000 000 -99 -99 000 000 000 000 000 000 000 -99 -99 -99 -99 -99 -99 000
-99 -99 -99 -99 -99 -99 -99 -99 -99 -99 -99 -99 -99 -99 -99 -99 -99 -99 -99 000 000 000 000 000 -99 -99 -99 -99 -99 -99 -99
-99 -99 -99 -99 -99 -99 -99 -99 -99 -99 -99 -99 -99 -99 -99 -99 -99 -99 -99 000 000 000 000 -99 000 -99 -99 000 -99 -99 -99
-99 -99 -99 -99 -99 -99 -99 -99 -99 -99 -99 -99 -99 -99 -99 -99 -99 -99 000 000 000 000 -99 000 000 -99 -99 000 -99 -99 -99
-99 -99 -99 -99 -99 -99 -99 -99 -99 -99 -99 -99 -99 -99 -99 -99 -99 -99 000 000 000 000 -99 000 000 -99 000 -99 -99 -99 -99
-99 -99 -99 -99 -99 -99 -99 -99 -99 -99 -99 -99 -99 -99 -99 -99 -99 000 000 000 000 -99 -99 -99 -99 -99 -99 -99 -99 -99 -99
-99 -99 -99 -99 -99 -99 -99 -99 -99 -99 -99 -99 -99 -99 -99 -99 -99 000 000 000 000 -99 -99 -99 -99 -99 -99 -99 -99 -99 -99
-99 -99 -99 -99 -99 -99 -99 -99 -99 -99 -99 -99 -99 -99 -99 -99 -99 000 000 000 -99 -99 -99 -99 -99 -99 -99 -99 -99 -99 -99
-99 -99 -99 -99 -99 -99 -99 -99 -99 -99 -99 -99 -99 -99 -99 -99 -99 -99 -99 -99 -99 -99 -99 -99 -99 -99 -99 -99 -99 -99 -99
