-99 000 000 000 000 000 000 000 -99 -99 -99 000 000 000 000 000 -99 -99 -99 000 000 000 000 000 000 000 000 -99 -99 -99 000
-99 000 000 000 000 000 000 000 000 -99 -99 000 000 000 000 000 -99 -99 -99 000 000 000 000 000 000 000 000 -99 -99 -99 -99
-99 000 000 000 000 000 000 000 000 000 -99 -99 000 -99 000 000 -99 -99 -99 -99 -99 000 000 000 000 000 000 000 -99 -99 -99
-99 000 000 000 000 000 -99 000 000 000 -99 -99 000 -99 000 000 -99 -99 -99 -99 -99 -99 000 000 000 000 -99 000 -99 -99 -99
000 000 000 000 000 000 000 000 000 000 -99 -99 000 -99 -99 -99 -99 -99 -99 -99 000 000 000 000 000 000 -99 -99 -99 -99 -99
000 000 000 000 000 000 000 000 000 000 -99 -99 000 000 -99 -99 -99 -99 -99 -99 000 000 000 000 000 000 -99 -99 -99 -99 -99
000 000 000 000 000 000 000 000 000 -99 -99 -99 -99 000 000 -99 000 -99 -99 -99 000 000 000 000 000 000 -99 -99 -99 -99 -99
000 000 000 000 000 -99 -99 -99 -99 -99 000 -99 -99 -99 -99 -99 000 000 000 -99 -99 000 000 000 000 000 -99 -99 -99 -99 -99
000 000 000 000 000 -99 -99 -99 -99 000 -99 000 -99 -99 -99 000 000 000 000 -99 000 -99 000 000 000 000 -99 -99 -99 -99 -99
000 000 000 000 000 000 -99 000 000 000 000 000 -99 -99 000 000 -99 000 000 000 000 000 -99 -99 000 000 -99 -99 -99 000 -99
000 000 000 000 000 -99 000 000 000 000 000 000 -99 -99 000 000 000 000 000 000 000 000 -99 -99 -99 -99 -99 -99 -99 000 -99
000 000 000 000 000 -99 000 000 000 000 000 000 000 000 000 000 000 000 000 000 000 000 -99 000 000 -99 -99 -99 -99 -99 -99
000 000 000 000 000 000 000 000 000 000 000 000 000 000 -99 000 000 -99 000 000 000 000 -99 -99 000 000 -99 000 000 -99 -99
000 000 000 000 000 000 000 000 000 000 -99 000 000 000 -99 -99 000 -99 000 000 -99 000 -99 000 000 000 000 000 -99 -99 -99
000 000 000 000 000 000 000 -99 000 000 -99 000 000 000 000 000 000 000 000 -99 -99 000 -99 000 000 000 000 000 -99 -99 -99
-99 -99 -99 -99 000 000 000 000 000 -99 -99 -99 000 000 000 000 000 000 000 -99 000 000 -99 000 000 000 000 000 -99 000 -99
-99 -99 -99 -99 000 000 000 000 000 -99 -99 -99 000 000 000 000 000 000 000 000 000 000 000 000 000 000 000 000 000 000 000
000 000 000 -99 -99 -99 -99 000 000 -99 -99 -99 -99 000 000 000 000 000 000 000 000 000 000 -99 000 -99 000 000 000 000 000
000 000 000 000 -99 -99 -99 000 000 -99 -99 -99 -99 000 000 000 000 000 000 000 000 000 000 -99 -99 -99 -99 -99 -99 000 000
000 000 000 000 000 -99 -99 000 000 -99 000 000 -99 000 000 000 000 000 000 000 000 000 000 -99 -99 -99 -99 -99 -99 000 000
000 000 000 000 000 000 -99 000 000 000 000 -99 -99 000 000 000 000 000 000 000 000 000 000 -99 -99 -99 -99 -99 -99 000 000
000 000 000 000 000 000 -99 000 000 000 -99 -99 -99 -99 -99 000 000 000 000 000 000 000 000 -99 -99 -99 -99 -99 -99 000 000
000 000 000 000 000 000 -99 000 000 000 -99 -99 -99 -99 -99 000 000 000 000 000 000 000 000 -99 -99 -99 -99 -99 -99 -99 -99
000 000 000 000 000 000 000 000 000 000 -99 -99 000 000 000 000 000 000 000 000 000 000 000 -99 -99 -99 -99 -99 -99 -99 000
000 000 000 000 000 000 000 000 000 000 -99 -99 -99 000 000 000 000 000 000 000 000 000 000 -99 -99 -99 -99 -99 -99 000 000
000 000 000 000 000 000 000 000 000 000 -99 -99 -99 000 000 000 000 000 000 000 000 000 -99 -99 -99 -99 -99 -99 -99 000 000
000 000 000 000 000 000 000 000 000 000 000 -99 -99 -99 000 000 000 000 000 000 000 000 -99 -99 -99 -99 -99 -99 -99 -99 000
000 000 000 000 000 000 000 000 000 000 -99 -99 -99 -99 000 000 000 000 000 000 000 000 -99 -99 -99 -99 -99 -99 -99 -99 000
000 000 000 000 000 000 000 000 000 000 -99 -99 -99 -99 000 000 000 000 000 000 000 000 -99 -99 -99 -99 -99 -99 -99 -99 000
000 000 000 000 000 000 000 000 000 000 -99 -99 -99 000 000 -99 000 000 000 000 -99 000 -99 -99 -99 -99 -99 -99 -99 -99 -99
000 000 000 000 000 000 000 000 000 000 -99 -99 -99 000 000 000 000 000 000 -99 -99 000 -99 -99 -99 -99 -99 -99 -99 -99 -99
000 000 000 000 000 000 000 000 000 000 -99 -99 -99 000 000 -99 000 000 000 -99 -99 000 -99 -99 000 -99 -99 -99 -99 -99 -99
000 000 000 000 000 000 000 000 000 000 -99 -99 -99 000 000 -99 000 000 000 -99 -99 -99 -99 000 000 -99 -99 -99 -99 -99 -99
000 000 000 000 000 000 000 000 000 -99 -99 -99 -99 -99 000 000 000 000 000 000 -99 -99 -99 000 000 000 -99 000 000 000 -99
000 000 000 000 000 000 000 000 000 -99 -99 -99 -99 000 000 000 000 -99 -99 000 -99 -99 000 000 000 000 000 000 000 000 -99
-99 000 000 000 000 000 000 000 000 000 000 -99 000 000 000 000 000 -99 000 000 000 000 000 000 000 000 000 000 000 000 000
000 000 000 000 000 000 000 000 000 000 000 -99 000 000 000 000 000 -99 000 000 000 000 000 000 000 000 000 000 000 -99 -99
000 000 000 000 000 -99 000 000 000 000 -99 -99 000 000 000 000 000 -99 000 000 000 000 000 000 000 000 000 000 000 -99 -99
000 000 000 000 000 000 000 000 -99 000 -99 -99 000 000 000 000 000 000 000 000 000 000 000 000 000 000 000 000 -99 -99 -99
000 000 000 000 000 -99 -99 000 -99 -99 -99 000 000 000 000 000 000 000 -99 -99 000 -99 000 000 000 000 000 000 -99 -99 -99
000 000 000 000 000 -99 -99 -99 -99 -99 000 000 000 000 000 000 000 000 -99 000 -99 000 000 000 000 000 000 000 -99 -99 000
000 000 000 000 -99 -99 -99 000 -99 000 000 000 000 000 000 000 000 000 000 000 -99 -99 000 000 000 000 -99 -99 -99 000 000
000 000 -99 -99 -99 -99 -99 000 -99 000 000 000 000 000 000 000 000 000 000 000 -99 000 000 000 000 000 -99 -99 -99 -99 000
000 000 -99 -99 -99 -99 -99 -99 -99 -99 -99 000 000 000 000 000 -99 000 000 000 000 000 -99 -99 000 000 -99 000 -99 -99 -99
000 -99 -99 -99 003 002 -99 -99 -99 -99 000 000 000 000 000 000 000 000 000 000 000 -99 -99 000 -99 -99 000 000 -99 -99 -99
000 -99 -99 002 004 -99 -99 -99 -99 -99 -99 -99 000 000 000 -99 000 000 000 000 -99 -99 -99 000 -99 000 000 000 -99 -99 000
000 -99 -99 -99 001 -99 -99 -99 -99 -99 -99 -99 -99 000 -99 -99 -99 000 000 000 -99 -99 000 000 000 000 000 -99 -99 -99 -99
-99 -99 -99 -99 -99 -99 -99 -99 -99 -99 -99 -99 -99 -99 -99 -99 -99 000 000 -99 -99 -99 000 000 -99 000 -99 -99 -99 -99 -99
-99 -99 -99 -99 -99 -99 -99 -99 -99 -99 -99 -99 -99 -99 -99 -99 -99 000 -99 000 000 000 000 000 -99 -99 -99 000 -99 -99 -99
-99 -99 -99 -99 -99 -99 -99 -99 -99 -99 -99 -99 -99 -99 -99 -99 -99 000 000 000 000 000 -99 -99 -99 -99 -99 000 -99 -99 -99
-99 -99 -99 -99 -99 -99 -99 -99 -99 -99 -99 -99 -99 -99 -99 -99 -99 -99 000 000 000 000 -99 -99 -99 -99 000 -99 -99 -99 -99
-99 -99 -99 -99 -99 -99 -99 -99 -99 -99 -99 -99 -99 -99 -99 -99 -99 000 000 000 -99 -99 -99 -99 -99 -99 -99 -99 -99 -99 -99
-99 -99 -99 -99 -99 -99 -99 -99 -99 -99 -99 -99 -99 -99 -99 -99 -99 000 000 000 000 000 -99 -99 -99 -99 -99 -99 -99 -99 -99
-99 -99 -99 -99 -99 -99 -99 -99 -99 -99 -99 -99 -99 -99 -99 -99 000 000 000 -99 000 000 -99 -99 -99 -99 -99 -99 -99 -99 -99
-99 -99 -99 -99 -99 -99 -99 -99 -99 -99 -99 -99 -99 -99 -99 000 000 000 000 000 000 000 -99 -99 -99 -99 -99 -99 -99 -99 000
